std::vector<Vector3> BONE_v({Vector3(-1.0, -1.0, -1.0), Vector3(-1.0, -1.0, 1.0), Vector3(-1.0, 1.0, -1.0), Vector3(-1.0, 1.0, 1.0), Vector3(1.0, -1.0, -1.0), Vector3(1.0, -1.0, 1.0), Vector3(1.0, 1.0, -1.0), Vector3(1.0, 1.0, 1.0), Vector3(-1.0, -1.0, 3.0), Vector3(-1.0, 1.0, 3.0), Vector3(1.0, 1.0, 3.0), Vector3(1.0, -1.0, 3.0), Vector3(-1.0, -1.0, 5.0), Vector3(-1.0, 1.0, 5.0), Vector3(1.0, 1.0, 5.0), Vector3(1.0, -1.0, 5.0), Vector3(3.0, 1.0, 1.0), Vector3(3.0, -1.0, 1.0), Vector3(3.0, 1.0, 3.0), Vector3(3.0, -1.0, 3.0)});
std::vector<std::vector<int>> BONE_t({{1, 2, 0}, {3, 6, 2}, {7, 4, 6}, {5, 0, 4}, {6, 0, 2}, {3, 10, 7}, {10, 15, 11}, {5, 19, 11}, {1, 9, 3}, {5, 8, 1}, {13, 15, 14}, {8, 13, 9}, {11, 12, 8}, {9, 14, 10}, {16, 19, 17}, {11, 18, 10}, {7, 17, 5}, {10, 16, 7}, {1, 3, 2}, {3, 7, 6}, {7, 5, 4}, {5, 1, 0}, {6, 4, 0}, {3, 9, 10}, {10, 14, 15}, {5, 17, 19}, {1, 8, 9}, {5, 11, 8}, {13, 12, 15}, {8, 12, 13}, {11, 15, 12}, {9, 13, 14}, {16, 18, 19}, {11, 19, 18}, {7, 16, 17}, {10, 18, 16}});
std::vector<Vector2> BONE_tex({Vector2(0.625, 0.0), Vector2(0.375, 0.25), Vector2(0.375, 0.0), Vector2(0.625, 0.25), Vector2(0.375, 0.5), Vector2(0.375, 0.25), Vector2(0.625, 0.5), Vector2(0.375, 0.75), Vector2(0.375, 0.5), Vector2(0.625, 0.75), Vector2(0.375, 1.0), Vector2(0.375, 0.75), Vector2(0.375, 0.5), Vector2(0.125, 0.75), Vector2(0.125, 0.5), Vector2(0.625, 0.25), Vector2(0.625, 0.5), Vector2(0.625, 0.5), Vector2(0.625, 0.5), Vector2(0.625, 0.75), Vector2(0.625, 0.75), Vector2(0.625, 0.75), Vector2(0.625, 0.75), Vector2(0.625, 0.75), Vector2(0.625, 0.0), Vector2(0.625, 0.25), Vector2(0.625, 0.25), Vector2(0.625, 0.75), Vector2(0.625, 1.0), Vector2(0.625, 1.0), Vector2(0.875, 0.5), Vector2(0.625, 0.75), Vector2(0.625, 0.5), Vector2(0.625, 0.0), Vector2(0.625, 0.25), Vector2(0.625, 0.25), Vector2(0.625, 0.75), Vector2(0.625, 1.0), Vector2(0.625, 1.0), Vector2(0.625, 0.25), Vector2(0.625, 0.5), Vector2(0.625, 0.5), Vector2(0.625, 0.5), Vector2(0.625, 0.75), Vector2(0.625, 0.75), Vector2(0.625, 0.75), Vector2(0.625, 0.5), Vector2(0.625, 0.5), Vector2(0.625, 0.5), Vector2(0.625, 0.75), Vector2(0.625, 0.75), Vector2(0.625, 0.5), Vector2(0.625, 0.5), Vector2(0.625, 0.5), Vector2(0.625, 0.0), Vector2(0.625, 0.25), Vector2(0.375, 0.25), Vector2(0.625, 0.25), Vector2(0.625, 0.5), Vector2(0.375, 0.5), Vector2(0.625, 0.5), Vector2(0.625, 0.75), Vector2(0.375, 0.75), Vector2(0.625, 0.75), Vector2(0.625, 1.0), Vector2(0.375, 1.0), Vector2(0.375, 0.5), Vector2(0.375, 0.75), Vector2(0.125, 0.75), Vector2(0.625, 0.25), Vector2(0.625, 0.25), Vector2(0.625, 0.5), Vector2(0.625, 0.5), Vector2(0.625, 0.5), Vector2(0.625, 0.75), Vector2(0.625, 0.75), Vector2(0.625, 0.75), Vector2(0.625, 0.75), Vector2(0.625, 0.0), Vector2(0.625, 0.0), Vector2(0.625, 0.25), Vector2(0.625, 0.75), Vector2(0.625, 0.75), Vector2(0.625, 1.0), Vector2(0.875, 0.5), Vector2(0.875, 0.75), Vector2(0.625, 0.75), Vector2(0.625, 0.0), Vector2(0.625, 0.0), Vector2(0.625, 0.25), Vector2(0.625, 0.75), Vector2(0.625, 0.75), Vector2(0.625, 1.0), Vector2(0.625, 0.25), Vector2(0.625, 0.25), Vector2(0.625, 0.5), Vector2(0.625, 0.5), Vector2(0.625, 0.5), Vector2(0.625, 0.75), Vector2(0.625, 0.75), Vector2(0.625, 0.75), Vector2(0.625, 0.5), Vector2(0.625, 0.5), Vector2(0.625, 0.5), Vector2(0.625, 0.75), Vector2(0.625, 0.5), Vector2(0.625, 0.5), Vector2(0.625, 0.5)});
std::vector<std::vector<int>> BONE_texco({{0, 1, 2}, {3, 4, 5}, {6, 7, 8}, {9, 10, 11}, {12, 13, 14}, {15, 16, 17}, {18, 19, 20}, {21, 22, 23}, {24, 25, 26}, {27, 28, 29}, {30, 31, 32}, {33, 34, 35}, {36, 37, 38}, {39, 40, 41}, {42, 43, 44}, {45, 46, 47}, {48, 49, 50}, {51, 52, 53}, {54, 55, 56}, {57, 58, 59}, {60, 61, 62}, {63, 64, 65}, {66, 67, 68}, {69, 70, 71}, {72, 73, 74}, {75, 76, 77}, {78, 79, 80}, {81, 82, 83}, {84, 85, 86}, {87, 88, 89}, {90, 91, 92}, {93, 94, 95}, {96, 97, 98}, {99, 100, 101}, {102, 103, 104}, {105, 106, 107}});
std::vector<std::string> BONE_bones({"Bone", "Bone_001", "Bone_002", "Bone_004", "Bone_003", "Bone_005"});
std::unordered_map<std::string, std::string> BONE_parent({{"Bone_001", "Bone"}, {"Bone_002", "Bone_001"}, {"Bone_004", "Bone_001"}, {"Bone_003", "Bone_002"}, {"Bone_005", "Bone_004"}});
std::unordered_map<std::string, Matrix4> BONE_bonetrans({{"Bone", Matrix4(1.0, 0.0, 0.0, 0.0, 0.0, 0.0, -1.0, 0.0, 0.0, 1.0, 0.0, 0.0, 0.0, 0.0, 0.0, 1.0)}, {"Bone_001", Matrix4(0.8894976, 0.4569398, 8.84309e-08, 0.0, -0.4569398, 0.8894976, -1.78191e-08, 1.0, -8.68013e-08, -2.45576e-08, 1.0, 0.0, 0.0, 0.0, 0.0, 1.0)}, {"Bone_002", Matrix4(0.6794999, -0.7336756, -1.01477e-07, -2.98023e-08, 0.7336756, 0.6794999, -6.74618e-08, 0.9325978, 1.18449e-07, -2.86108e-08, 1.0, 1.77636e-15, 0.0, 0.0, 0.0, 1.0)}, {"Bone_004", Matrix4(0.6912999, 0.7225679, -1.17378e-07, -2.98023e-08, -0.7225679, 0.6912999, -4.7939e-08, 0.9325978, 4.65042e-08, 1.17954e-07, 1.0, 1.77636e-15, 0.0, 0.0, 0.0, 1.0)}, {"Bone_003", Matrix4(0.9396592, 0.3421122, 4.14499e-08, 0.0, -0.3421122, 0.9396592, 1.83863e-08, 1.245618, -3.26586e-08, -3.14574e-08, 1.0, 3.55271e-15, 0.0, 0.0, 0.0, 1.0)}, {"Bone_005", Matrix4(0.958605, 0.2847396, -6.81297e-08, 8.9407e-08, -0.2847396, 0.9586049, 5.97545e-08, 0.5986397, 8.2324e-08, -3.78817e-08, 1.0, 3.55271e-15, 0.0, 0.0, 0.0, 1.0)}});
std::unordered_map<std::string, Vector3> BONE_bonetips({{"Bone_003", Vector3(0.0, 0.0, 1.0)}, {"Bone_005", Vector3(1.0, 0.0, 0.0)}, {"Bone", Vector3(0.0, 1.0, 0.0)}, {"Bone_001", Vector3(-2.98023e-08, 0.9325978, 1.77636e-15)}, {"Bone_002", Vector3(0.0, 1.245618, 3.55271e-15)}, {"Bone_004", Vector3(8.9407e-08, 0.5986397, 3.55271e-15)}});
std::unordered_set<std::string> BONE_atips({"Bone_003", "Bone_005"});
